%YAML:1.0
---
mtx: !!opencv-matrix
   rows: 3
   cols: 3
   dt: d
   data: [ 8.2239520840563146e+03, 0., 9.1931513571142398e+02, 0.,
       8.2021830475357838e+03, 6.7190962690482877e+02, 0., 0., 1. ]
dist: !!opencv-matrix
   rows: 1
   cols: 5
   dt: d
   data: [ -3.3197014990695632e+00, -5.0668560879159212e+00,
       -6.8553576389069545e-02, 7.6847905516870124e-03,
       1.9352358351925257e+03 ]
